-2.237737621142789693e-02 6.978764911648984537e+01 1.050280941262139202e-03
2.447668971717976288e-02 9.563720118235555390e+01 9.353499872562679807e-04
3.198296839810615272e-02 1.261940423114485412e+02 9.297093762929264232e-04
5.671639133619364515e+01 1.640750254269257580e-01 6.672631204410047097e-03
3.290532312257492720e+01 4.175664303692148138e+01 4.369777232272707979e-01
2.755704518624021659e+01 5.877564828318244849e+01 2.763147518884125353e-01
3.475783498520755188e+01 9.080047669237788455e+01 1.345246668887676023e-01
3.312361374025278593e+01 1.245353316084210462e+02 3.516702774556651478e-02
6.037790606744413680e+01 3.244665774582804196e-02 3.665798185389192339e-03
6.204723543834516164e+01 3.207461248242034202e+01 8.538791371012398324e-02
5.660291731013560934e+01 5.992833542814278047e+01 9.543300101033239113e-02
5.911521085009143661e+01 8.907027164592291513e+01 1.073518920613218408e-01
6.238116822718943411e+01 1.228749818351726759e+02 4.902090458003981882e-02
9.093742989131713728e+01 3.660559524435359150e-03 5.290331093457564500e-04
8.988916897909520287e+01 3.122777661312953157e+01 1.790569048887227788e-02
8.734158071688219138e+01 6.106634931070954053e+01 3.364864245314182906e-02
8.819702783927075984e+01 9.087601777009072634e+01 4.790271617846078578e-02
9.118168049761894167e+01 1.230186344851453981e+02 2.995825248799835472e-02
1.230281022040841350e+02 1.184609114420599177e-03 9.430851825769113539e-05
1.218457018529181823e+02 3.113855110939430304e+01 5.127771307921077243e-03
1.205018235066813901e+02 6.189920960262013239e+01 1.159151313150967935e-02
1.207816582935268883e+02 9.259871623353171799e+01 1.628259892428337782e-02
1.223440291003919782e+02 1.239289555991418297e+02 1.327742271187006863e-02
