0.000000000000000000e+00 3.856947036184024680e-01
6.289474781961547356e-03 3.857355014104141833e-01
1.257894956392309471e-02 3.858578677544232671e-01
1.886842434588464207e-02 3.860617216396411977e-01
2.515789912784618942e-02 3.863469283317524372e-01
3.144737390980773678e-02 3.867132997961924556e-01
3.773684869176928414e-02 3.871605952863314548e-01
4.402632347373083149e-02 3.876885220922259290e-01
5.031579825569237885e-02 3.882967364444622760e-01
5.660527303765392620e-02 3.889848445665490817e-01
6.289474781961547356e-02 3.897524038683281011e-01
6.918422260157702786e-02 3.905989242719886678e-01
7.547369738353856827e-02 3.915238696614845582e-01
8.176317216550010869e-02 3.925266594454800417e-01
8.805264694746166299e-02 3.936066702234007897e-01
9.434212172942321728e-02 3.947632375437267749e-01
1.006315965113847577e-01 3.959956577433536573e-01
1.069210712933462981e-01 3.973031898566583009e-01
1.132105460753078524e-01 3.986850575828227994e-01
1.195000208572694067e-01 4.001404513000161867e-01
1.257894956392309471e-01 4.016685301151712295e-01
1.320789704211924875e-01 4.032684239383386715e-01
1.383684452031540557e-01 4.049392355709353630e-01
1.446579199851155961e-01 4.066800427976162702e-01
1.509473947670771365e-01 4.084899004719871884e-01
1.572368695490386770e-01 4.103678425869183299e-01
1.635263443310002174e-01 4.123128843208212491e-01
1.698158191129617856e-01 4.143240240518800688e-01
1.761052938949233260e-01 4.164002453329009867e-01
1.823947686768848664e-01 4.185405188201236637e-01
1.886842434588464346e-01 4.207438041500368153e-01
1.949737182408079750e-01 4.230090517589343291e-01
2.012631930227695154e-01 4.253352046406430609e-01
2.075526678047310558e-01 4.277212000385262614e-01
2.138421425866925962e-01 4.301659710685284965e-01
2.201316173686541644e-01 4.326684482706572021e-01
2.264210921506157048e-01 4.352275610869015265e-01
2.327105669325772452e-01 4.378422392641604377e-01
2.390000417145388134e-01 4.405114141812825901e-01
2.452895164965003538e-01 4.432340200998189372e-01
2.515789912784618942e-01 4.460089953385478201e-01
2.578684660604234624e-01 4.488352833722437651e-01
2.641579408423849751e-01 4.517118338555417001e-01
2.704474156243465433e-01 4.546376035730825271e-01
2.767368904063081114e-01 4.576115573174235895e-01
2.830263651882696241e-01 4.606326686964555828e-01
2.893158399702311923e-01 4.636999208722912824e-01
2.956053147521927049e-01 4.668123072337789781e-01
3.018947895341542731e-01 4.699688320049483226e-01
3.081842643161158413e-01 4.731685107918198741e-01
3.144737390980773539e-01 4.764103710701077521e-01
3.207632138800389221e-01 4.796934526164133294e-01
3.270526886620004348e-01 4.830168078855518465e-01
3.333421634439620029e-01 4.863795023366825898e-01
3.396316382259235711e-01 4.897806147109133312e-01
3.459211130078850838e-01 4.932192372630387345e-01
3.522105877898466519e-01 4.966944759500464546e-01
3.585000625718082201e-01 5.002054505789775840e-01
3.647895373537697328e-01 5.037512949166820242e-01
3.710790121357313009e-01 5.073311567639424702e-01
3.773684869176928691e-01 5.109441979963692537e-01
3.836579616996543818e-01 5.145895945743916844e-01
3.899474364816159500e-01 5.182665365245923139e-01
3.962369112635774626e-01 5.219742278945338487e-01
4.025263860455390308e-01 5.257118866831475001e-01
4.088158608275005990e-01 5.294787447486547505e-01
4.151053356094621116e-01 5.332740476959006992e-01
4.213948103914236798e-01 5.370970547448860044e-01
4.276842851733851925e-01 5.409470385821857352e-01
4.339737599553467606e-01 5.448232851968584090e-01
4.402632347373083288e-01 5.487250937023478992e-01
4.465527095192698415e-01 5.526517761458006328e-01
4.528421843012314096e-01 5.566026573061251259e-01
4.591316590831929778e-01 5.605770744820417484e-01
4.654211338651544905e-01 5.645743772712853437e-01
4.717106086471160586e-01 5.685939273420457241e-01
4.780000834290776268e-01 5.726350981976541243e-01
4.842895582110391395e-01 5.766972749354499772e-01
4.905790329930007077e-01 5.807798540006954280e-01
4.968685077749622203e-01 5.848822429363336184e-01
5.031579825569237885e-01 5.890038601293287046e-01
5.094474573388853011e-01 5.931441345542606269e-01
5.157369321208469248e-01 5.973025055147948015e-01
5.220264069028084375e-01 6.014784223835897281e-01
5.283158816847699502e-01 6.056713443411555486e-01
5.346053564667315738e-01 6.098807401141318474e-01
5.408948312486930865e-01 6.141060877134021379e-01
5.471843060306545992e-01 6.183468741724235107e-01
5.534737808126162228e-01 6.226025952861130586e-01
5.597632555945777355e-01 6.268727553505888395e-01
5.660527303765392482e-01 6.311568669040344970e-01
5.723422051585007608e-01 6.354544504689214612e-01
5.786316799404623845e-01 6.397650342957923453e-01
5.849211547224238972e-01 6.440881541087828399e-01
5.912106295043854098e-01 6.484233528530320978e-01
5.975001042863470335e-01 6.527701804441069511e-01
6.037895790683085462e-01 6.571281935195439905e-01
6.100790538502700588e-01 6.614969551925933278e-01
6.163685286322316825e-01 6.658760348082248814e-01
6.226580034141931952e-01 6.702650077014461472e-01
6.289474781961547079e-01 6.746634549579602069e-01
6.352369529781163315e-01 6.790709631771761901e-01
6.415264277600778442e-01 6.834871242375759604e-01
6.478159025420393569e-01 6.879115350644224858e-01
6.541053773240008695e-01 6.923437973997891293e-01
6.603948521059624932e-01 6.967835175748700038e-01
6.666843268879240059e-01 7.012303062845330892e-01
6.729738016698855185e-01 7.056837783640595996e-01
6.792632764518471422e-01 7.101435525680075411e-01
6.855527512338086549e-01 7.146092513511329569e-01
6.918422260157701675e-01 7.190805006512910325e-01
6.981317007977317912e-01 7.235569296742373480e-01
7.044211755796933039e-01 7.280381706802392383e-01
7.107106503616548165e-01 7.325238587724073325e-01
7.170001251436164402e-01 7.370136316866494619e-01
7.232895999255779529e-01 7.415071295831444642e-01
7.295790747075394655e-01 7.460039948392350739e-01
7.358685494895010892e-01 7.505038718436266576e-01
7.421580242714626019e-01 7.550064067917855448e-01
7.484474990534241146e-01 7.595112474824223803e-01
7.547369738353857382e-01 7.640180431149425910e-01
7.610264486173472509e-01 7.685264440877499492e-01
7.673159233993087636e-01 7.730361017972831039e-01
7.736053981812702762e-01 7.775466684376619586e-01
7.798948729632318999e-01 7.820577968008269876e-01
7.861843477451934126e-01 7.865691400770449260e-01
7.924738225271549252e-01 7.910803516556608184e-01
7.987632973091165489e-01 7.955910849259701934e-01
8.050527720910780616e-01 8.001009930780897950e-01
8.113422468730395742e-01 8.046097289037046352e-01
8.176317216550011979e-01 8.091169445965625817e-01
8.239211964369627106e-01 8.136222915525994637e-01
8.302106712189242232e-01 8.181254201695711270e-01
8.365001460008858469e-01 8.226259796460690943e-01
8.427896207828473596e-01 8.271236177798020339e-01
8.490790955648088723e-01 8.316179807650259104e-01
8.553685703467703849e-01 8.361087129890008018e-01
8.616580451287320086e-01 8.405954568273690253e-01
8.679475199106935213e-01 8.450778524383311119e-01
8.742369946926550339e-01 8.495555375555203792e-01
8.805264694746166576e-01 8.540281472794623019e-01
8.868159442565781703e-01 8.584953138675196493e-01
8.931054190385396829e-01 8.629566665222222488e-01
8.993948938205013066e-01 8.674118311778863388e-01
9.056843686024628193e-01 8.718604302854336963e-01
9.119738433844243319e-01 8.763020825953254933e-01
9.182633181663859556e-01 8.807364029385307269e-01
9.245527929483474683e-01 8.851630020054550574e-01
9.308422677303089809e-01 8.895814861227675507e-01
9.371317425122706046e-01 8.939914570280625972e-01
9.434212172942321173e-01 8.983925116423088220e-01
9.497106920761936300e-01 9.027842418400455760e-01
9.560001668581552536e-01 9.071662342172929216e-01
9.622896416401167663e-01 9.115380698571566853e-01
9.685791164220782790e-01 9.158993240931221358e-01
9.748685912040397916e-01 9.202495662700388435e-01
9.811580659860014153e-01 9.245883595028179247e-01
9.874475407679629280e-01 9.289152604328737572e-01
9.937370155499244406e-01 9.332298189823652335e-01
1.000026490331886064e+00 9.375315781063014997e-01
1.006315965113847577e+00 9.418200735426055514e-01
1.012605439895809090e+00 9.460948335602408221e-01
1.018894914677770602e+00 9.503553787055383228e-01
1.025184389459732115e+00 9.546012215468778761e-01
1.031473864241693850e+00 9.588318664179106277e-01
1.037763339023655362e+00 9.630468091595306701e-01
1.044052813805616875e+00 9.672455368608450232e-01
1.050342288587578388e+00 9.714275275994108672e-01
1.056631763369539900e+00 9.755922501810562197e-01
1.062921238151501413e+00 9.797391638796278945e-01
1.069210712933463148e+00 9.838677181770594249e-01
1.075500187715424660e+00 9.879773525041857241e-01
1.081789662497386173e+00 9.920674959827849859e-01
1.088079137279347686e+00 9.961375671693696310e-01
1.094368612061309198e+00 1.000186973801303836e+00
1.100658086843270711e+00 1.004215112545878474e+00
1.106947561625232446e+00 1.008221368753029257e+00
1.113237036407193958e+00 1.012205116212449241e+00
1.119526511189155471e+00 1.016165716915905515e+00
1.125815985971116984e+00 1.020102520825638015e+00
1.132105460753078496e+00 1.024014865649792716e+00
1.138394935535040009e+00 1.027902076625907268e+00
1.144684410317001522e+00 1.031763466313549760e+00
1.150973885098963256e+00 1.035598334397286768e+00
1.157263359880924769e+00 1.039405967501239703e+00
1.163552834662886282e+00 1.043185639016575239e+00
1.169842309444847794e+00 1.046936608943356273e+00
1.176131784226809307e+00 1.050658123748279049e+00
1.182421259008770820e+00 1.054349416239901638e+00
1.188710733790732554e+00 1.058009705463067274e+00
1.195000208572694067e+00 1.061638196614318463e+00
1.201289683354655580e+00 1.065234080980187015e+00
1.207579158136617092e+00 1.068796535900341516e+00
1.213868632918578605e+00 1.072324724757658609e+00
1.220158107700540118e+00 1.075817796997377229e+00
1.226447582482501630e+00 1.079274888177580438e+00
1.232737057264463365e+00 1.082695120053322579e+00
1.239026532046424878e+00 1.086077600696802703e+00
1.245316006828386390e+00 1.089421424656051185e+00
1.251605481610347903e+00 1.092725673154644861e+00
1.257894956392309416e+00 1.095989414335032608e+00
1.264184431174270928e+00 1.099211703548073515e+00
1.270473905956232663e+00 1.102391583691422650e+00
1.276763380738194176e+00 1.105528085599401189e+00
1.283052855520155688e+00 1.108620228486983716e+00
1.289342330302117201e+00 1.111667020450494814e+00
1.295631805084078714e+00 1.114667459027564034e+00
1.301921279866040226e+00 1.117620531818809493e+00
1.308210754648001739e+00 1.120525217173607757e+00
1.314500229429963474e+00 1.123380484942194668e+00
1.320789704211924986e+00 1.126185297296155685e+00
1.327079178993886499e+00 1.128938609619189126e+00
1.333368653775848012e+00 1.131639371469782329e+00
1.339658128557809524e+00 1.134286527617177409e+00
1.345947603339771037e+00 1.136879019151701309e+00
1.352237078121732772e+00 1.139415784670190002e+00
1.358526552903694284e+00 1.141895761536848353e+00
1.364816027685655797e+00 1.144317887219474583e+00
1.371105502467617310e+00 1.146681100700507105e+00
1.377394977249578822e+00 1.148984343961856558e+00
1.383684452031540335e+00 1.151226563541944303e+00
1.389973926813502070e+00 1.153406712162799774e+00
1.396263401595463582e+00 1.155523750424465312e+00
1.402552876377425095e+00 1.157576648563318766e+00
1.408842351159386608e+00 1.159564388270283075e+00
1.415131825941348120e+00 1.161485964564205053e+00
1.421421300723309633e+00 1.163340387715009694e+00
1.427710775505271146e+00 1.165126685210554625e+00
1.434000250287232880e+00 1.166843903760408807e+00
1.440289725069194393e+00 1.168491111329129639e+00
1.446579199851155906e+00 1.170067399190950042e+00
1.452868674633117418e+00 1.171571883997171160e+00
1.459158149415078931e+00 1.173003709846991649e+00
1.465447624197040444e+00 1.174362050351966946e+00
1.471737098979002178e+00 1.175646110683846723e+00
1.478026573760963691e+00 1.176855129595138383e+00
1.484316048542925204e+00 1.177988381401451123e+00
1.490605523324886716e+00 1.179045177914450848e+00
1.496894998106848229e+00 1.180024870314153596e+00
1.503184472888809742e+00 1.180926850949267859e+00
1.509473947670771476e+00 1.181750555054408958e+00
1.515763422452732989e+00 1.182495462373227335e+00
1.522052897234694502e+00 1.183161098676832168e+00
1.528342372016656014e+00 1.183747037167351746e+00
1.534631846798617527e+00 1.184252899757054500e+00
1.540921321580579040e+00 1.184678358214136029e+00
1.547210796362540552e+00 1.185023135167089681e+00
1.553500271144502287e+00 1.185287004960466684e+00
1.559789745926463800e+00 1.185469794355838991e+00
1.566079220708425312e+00 1.185571383072833385e+00
1.572368695490386825e+00 1.185591704166259142e+00
1.578658170272348338e+00 1.185530744236536371e+00
1.584947645054309850e+00 1.185388543471859180e+00
1.591237119836271585e+00 1.185165195521783010e+00
1.597526594618233098e+00 1.184860847203173417e+00
1.603816069400194610e+00 1.184475698040700520e+00
1.610105544182156123e+00 1.184009999645270428e+00
1.616395018964117636e+00 1.183464054934953547e+00
1.622684493746079148e+00 1.182838217204082776e+00
1.628973968528040661e+00 1.182132889047215807e+00
1.635263443310002396e+00 1.181348521145618058e+00
1.641552918091963909e+00 1.180485610924766116e+00
1.647842392873925421e+00 1.179544701092118064e+00
1.654131867655886934e+00 1.178526378065036573e+00
1.660421342437848446e+00 1.177431270299266641e+00
1.666710817219809959e+00 1.176260046528771142e+00
1.673000292001771694e+00 1.175013413928005512e+00
1.679289766783733207e+00 1.173692116207880831e+00
1.685579241565694719e+00 1.172296931656710228e+00
1.691868716347656232e+00 1.170828671137369437e+00
1.698158191129617745e+00 1.169288176051745509e+00
1.704447665911579257e+00 1.167676316283279059e+00
1.710737140693540770e+00 1.165993988128066539e+00
1.717026615475502505e+00 1.164242112224552983e+00
1.723316090257464017e+00 1.162421631491370233e+00
1.729605565039425530e+00 1.160533509082302794e+00
1.735895039821387043e+00 1.158578726366790601e+00
1.742184514603348555e+00 1.156558280943723371e+00
1.748473989385310068e+00 1.154473184695634869e+00
1.754763464167271803e+00 1.152324461889716822e+00
1.761052938949233315e+00 1.150113147331394803e+00
1.767342413731194828e+00 1.147840284575515790e+00
1.773631888513156341e+00 1.145506924199519494e+00
1.779921363295117853e+00 1.143114122142306011e+00
1.786210838077079366e+00 1.140662938111861147e+00
1.792500312859041101e+00 1.138154434064089449e+00
1.798789787641002613e+00 1.135589672754711899e+00
1.805079262422964126e+00 1.132969716365533452e+00
1.811368737204925639e+00 1.130295625205862020e+00
1.817658211986887151e+00 1.127568456489384197e+00
1.823947686768848664e+00 1.124789263186357857e+00
1.830237161550810177e+00 1.121959092950576720e+00
1.836526636332771911e+00 1.119078987120202484e+00
1.842816111114733424e+00 1.116149979791237534e+00
1.849105585896694937e+00 1.113173096962115194e+00
1.855395060678656449e+00 1.110149355747655164e+00
1.861684535460617962e+00 1.107079763660395066e+00
1.867974010242579475e+00 1.103965317957153358e+00
1.874263485024541209e+00 1.100807005048512588e+00
1.880552959806502722e+00 1.097605799968807361e+00
1.886842434588464235e+00 1.094362665904103471e+00
1.893131909370425747e+00 1.091078553775598703e+00
1.899421384152387260e+00 1.087754401875822730e+00
1.905710858934348773e+00 1.084391135555004881e+00
1.912000333716310507e+00 1.080989666954970341e+00
1.918289808498272020e+00 1.077550894787945746e+00
1.924579283280233533e+00 1.074075704157673394e+00
1.930868758062195045e+00 1.070564966420297193e+00
1.937158232844156558e+00 1.067019539082513679e+00
1.943447707626118071e+00 1.063440265734563850e+00
1.949737182408079583e+00 1.059827976015700113e+00
1.956026657190041318e+00 1.056183485609848871e+00
1.962316131972002831e+00 1.052507596269264933e+00
1.968605606753964343e+00 1.048801095864067445e+00
1.974895081535925856e+00 1.045064758455626741e+00
1.981184556317887369e+00 1.041299344391878545e+00
1.987474031099848881e+00 1.037505600422714336e+00
1.993763505881810616e+00 1.033684259833706820e+00
2.000052980663772129e+00 1.029836042596511625e+00
2.006342455445733641e+00 1.025961655534379791e+00
2.012631930227695154e+00 1.022061792501309352e+00
2.018921405009656667e+00 1.018137134573443792e+00
2.025210879791618179e+00 1.014188350251422621e+00
2.031500354573579692e+00 1.010216095672460401e+00
2.037789829355541205e+00 1.006221014831020444e+00
2.044079304137502717e+00 1.002203739807020266e+00
2.050368778919464230e+00 9.981648910005906927e-01
2.056658253701426187e+00 9.941050773724636747e-01
2.062947728483387699e+00 9.900248966891579405e-01
2.069237203265349212e+00 9.859249357721688867e-01
2.075526678047310725e+00 9.818057707504564968e-01
2.081816152829272237e+00 9.776679673155657113e-01
2.088105627611233750e+00 9.735120809787789486e-01
2.094395102393195263e+00 9.693386573297511077e-01
2.100684577175156775e+00 9.651482322961231208e-01
2.106974051957118288e+00 9.609413324036670812e-01
2.113263526739079801e+00 9.567184750365469448e-01
2.119553001521041313e+00 9.524801686973304315e-01
2.125842476303002826e+00 9.482269132664227218e-01
2.132131951084964339e+00 9.439592002606279619e-01
2.138421425866926295e+00 9.396775130905795637e-01
2.144710900648887808e+00 9.353823273168148100e-01
2.151000375430849321e+00 9.310741109042903751e-01
2.157289850212810833e+00 9.267533244751743338e-01
2.163579324994772346e+00 9.224204215597655576e-01
2.169868799776733859e+00 9.180758488454225930e-01
2.176158274558695371e+00 9.137200464233986574e-01
2.182447749340656884e+00 9.093534480335088155e-01
2.188737224122618397e+00 9.049764813065652724e-01
2.195026698904579909e+00 9.005895680045392648e-01
2.201316173686541422e+00 8.961931242584241231e-01
2.207605648468502935e+00 8.917875608037856283e-01
2.213895123250464891e+00 8.873732832140012183e-01
2.220184598032426404e+00 8.829506921312062495e-01
2.226474072814387917e+00 8.785201834949645239e-01
2.232763547596349429e+00 8.740821487687076008e-01
2.239053022378310942e+00 8.696369751639844159e-01
2.245342497160272455e+00 8.651850458625753859e-01
2.251631971942233967e+00 8.607267402365345044e-01
2.257921446724195480e+00 8.562624340662292610e-01
2.264210921506156993e+00 8.517924997564534362e-01
2.270500396288118505e+00 8.473173065506974799e-01
2.276789871070080018e+00 8.428372207436617414e-01
2.283079345852041531e+00 8.383526058921066948e-01
2.289368820634003043e+00 8.338638230241390836e-01
2.295658295415965000e+00 8.293712308470301275e-01
2.301947770197926513e+00 8.248751859536792574e-01
2.308237244979888025e+00 8.203760430278199678e-01
2.314526719761849538e+00 8.158741550480913540e-01
2.320816194543811051e+00 8.113698734910773647e-01
2.327105669325772563e+00 8.068635485334385571e-01
2.333395144107734076e+00 8.023555292532471572e-01
2.339684618889695589e+00 7.978461638306489911e-01
2.345974093671657101e+00 7.933357997479695278e-01
2.352263568453618614e+00 7.888247839893883784e-01
2.358553043235580127e+00 7.843134632403028217e-01
2.364842518017541639e+00 7.798021840865050347e-01
2.371131992799503152e+00 7.752912932132931534e-01
2.377421467581465109e+00 7.707811376046448393e-01
2.383710942363426621e+00 7.662720647425738107e-01
2.390000417145388134e+00 7.617644228067901313e-01
2.396289891927349647e+00 7.572585608747928188e-01
2.402579366709311159e+00 7.527548291225139021e-01
2.408868841491272672e+00 7.482535790256327202e-01
2.415158316273234185e+00 7.437551635616845846e-01
2.421447791055195697e+00 7.392599374130787160e-01
2.427737265837157210e+00 7.347682571711434685e-01
2.434026740619118723e+00 7.302804815413138639e-01
2.440316215401080235e+00 7.257969715495724561e-01
2.446605690183041748e+00 7.213180907502507733e-01
2.452895164965003261e+00 7.168442054353056925e-01
2.459184639746965217e+00 7.123756848451614498e-01
2.465474114528926730e+00 7.079129013812286431e-01
2.471763589310888243e+00 7.034562308201844916e-01
2.478053064092849755e+00 6.990060525301131644e-01
2.484342538874811268e+00 6.945627496885828922e-01
2.490632013656772781e+00 6.901267095027462384e-01
2.496921488438734293e+00 6.856983234315288112e-01
2.503210963220695806e+00 6.812779874099769151e-01
2.509500438002657319e+00 6.768661020758203195e-01
2.515789912784618831e+00 6.724630729982953303e-01
2.522079387566580344e+00 6.680693109092739057e-01
2.528368862348541857e+00 6.636852319367239073e-01
2.534658337130503369e+00 6.593112578405193602e-01
2.540947811912465326e+00 6.549478162506062739e-01
2.547237286694426839e+00 6.505953409075198035e-01
2.553526761476388351e+00 6.462542719052245532e-01
2.559816236258349864e+00 6.419250559362474906e-01
2.566105711040311377e+00 6.376081465390435188e-01
2.572395185822272889e+00 6.333040043475248737e-01
2.578684660604234402e+00 6.290130973426574235e-01
2.584974135386195915e+00 6.247359011060118483e-01
2.591263610168157427e+00 6.204728990751317008e-01
2.597553084950118940e+00 6.162245828005538106e-01
2.603842559732080453e+00 6.119914522042926297e-01
2.610132034514041965e+00 6.077740158395685821e-01
2.616421509296003478e+00 6.035727911515298416e-01
2.622710984077965435e+00 5.993883047386840968e-01
2.629000458859926947e+00 5.952210926147222247e-01
2.635289933641888460e+00 5.910717004703699429e-01
2.641579408423849973e+00 5.869406839348770832e-01
2.647868883205811485e+00 5.828286088366941842e-01
2.654158357987772998e+00 5.787360514628518970e-01
2.660447832769734511e+00 5.746635988165027520e-01
2.666737307551696023e+00 5.706118488720333115e-01
2.673026782333657536e+00 5.665814108271045590e-01
2.679316257115619049e+00 5.625729053509104238e-01
2.685605731897580561e+00 5.585869648278914967e-01
2.691895206679542074e+00 5.546242335960702707e-01
2.698184681461504031e+00 5.506853681791099575e-01
2.704474156243465544e+00 5.467710375111234367e-01
2.710763631025427056e+00 5.428819231531866185e-01
2.717053105807388569e+00 5.390187195004353393e-01
2.723342580589350082e+00 5.351821339785370890e-01
2.729632055371311594e+00 5.313728872282541538e-01
2.735921530153273107e+00 5.275917132767200535e-01
2.742211004935234619e+00 5.238393596939709962e-01
2.748500479717196132e+00 5.201165877331737075e-01
2.754789954499157645e+00 5.164241724529127220e-01
2.761079429281119157e+00 5.127629028197902006e-01
2.767368904063080670e+00 5.091335817895125126e-01
2.773658378845042183e+00 5.055370263645336815e-01
2.779947853627004140e+00 5.019740676262403056e-01
2.786237328408965652e+00 4.984455507395631479e-01
2.792526803190927165e+00 4.949523349278190931e-01
2.798816277972888678e+00 4.914952934154976361e-01
2.805105752754850190e+00 4.880753133366265706e-01
2.811395227536811703e+00 4.846932956062779962e-01
2.817684702318773216e+00 4.813501547527040403e-01
2.823974177100734728e+00 4.780468187075436193e-01
2.830263651882696241e+00 4.747842285514796701e-01
2.836553126664657754e+00 4.715633382127078499e-01
2.842842601446619266e+00 4.683851141155404019e-01
2.849132076228580779e+00 4.652505347764793187e-01
2.855421551010542291e+00 4.621605903450964892e-01
2.861711025792504248e+00 4.591162820870979822e-01
2.868000500574465761e+00 4.561186218070076293e-01
2.874289975356427274e+00 4.531686312079840073e-01
2.880579450138388786e+00 4.502673411863986619e-01
2.886868924920350299e+00 4.474157910589419140e-01
2.893158399702311812e+00 4.446150277201912915e-01
2.899447874484273324e+00 4.418661047287861798e-01
2.905737349266234837e+00 4.391700813205905995e-01
2.912026824048196350e+00 4.365280213475051796e-01
2.918316298830157862e+00 4.339409921409035364e-01
2.924605773612119375e+00 4.314100632990275352e-01
2.930895248394080888e+00 4.289363053980714269e-01
2.937184723176042400e+00 4.265207886271165094e-01
2.943474197958004357e+00 4.241645813475644622e-01
2.949763672739965870e+00 4.218687485782232072e-01
2.956053147521927382e+00 4.196343504077565956e-01
2.962342622303888895e+00 4.174624403367956926e-01
2.968632097085850408e+00 4.153540635526285496e-01
2.974921571867811920e+00 4.133102551400294478e-01
2.981211046649773433e+00 4.113320382324586744e-01
2.987500521431734946e+00 4.094204221085475659e-01
2.993789996213696458e+00 4.075764002394801078e-01
3.000079470995657971e+00 4.058009482935769352e-01
3.006368945777619484e+00 4.040950221050823021e-01
3.012658420559580996e+00 4.024595556148272135e-01
3.018947895341542953e+00 4.008954587910978362e-01
3.025237370123504466e+00 3.994036155396533117e-01
3.031526844905465978e+00 3.979848816124104682e-01
3.037816319687427491e+00 3.966400825248315165e-01
3.044105794469389004e+00 3.953700114924993958e-01
3.050395269251350516e+00 3.941754273977450818e-01
3.056684744033312029e+00 3.930570527974751038e-01
3.062974218815273542e+00 3.920155719835458630e-01
3.069263693597235054e+00 3.910516291071228778e-01
3.075553168379196567e+00 3.901658263784413272e-01
3.081842643161158080e+00 3.893587223532546382e-01
3.088132117943119592e+00 3.886308303170024625e-01
3.094421592725081105e+00 3.879826167773576806e-01
3.100711067507043062e+00 3.874145000753160817e-01
3.107000542289004574e+00 3.869268491243803010e-01
3.113290017070966087e+00 3.865199822866593471e-01
3.119579491852927600e+00 3.861941663938677771e-01
3.125868966634889112e+00 3.859496159202768228e-01
3.132158441416850625e+00 3.857864923136307134e-01
3.138447916198812138e+00 3.857049034889475925e-01
3.144737390980773650e+00 3.857049034889475925e-01
3.151026865762735163e+00 3.857864923136307134e-01
3.157316340544696676e+00 3.859496159202768228e-01
3.163605815326658188e+00 3.861941663938677216e-01
3.169895290108619701e+00 3.865199822866592361e-01
3.176184764890581214e+00 3.869268491243803010e-01
3.182474239672543170e+00 3.874145000753160817e-01
3.188763714454504683e+00 3.879826167773575696e-01
3.195053189236466196e+00 3.886308303170024070e-01
3.201342664018427708e+00 3.893587223532545827e-01
3.207632138800389221e+00 3.901658263784412717e-01
3.213921613582350734e+00 3.910516291071228223e-01
3.220211088364312246e+00 3.920155719835457520e-01
3.226500563146273759e+00 3.930570527974749928e-01
3.232790037928235272e+00 3.941754273977450262e-01
3.239079512710196784e+00 3.953700114924991738e-01
3.245368987492158297e+00 3.966400825248312390e-01
3.251658462274119810e+00 3.979848816124103017e-01
3.257947937056081322e+00 3.994036155396531451e-01
3.264237411838043279e+00 4.008954587910977807e-01
3.270526886620004792e+00 4.024595556148270470e-01
3.276816361401966304e+00 4.040950221050821911e-01
3.283105836183927817e+00 4.058009482935767687e-01
3.289395310965889330e+00 4.075764002394798857e-01
3.295684785747850842e+00 4.094204221085474549e-01
3.301974260529812355e+00 4.113320382324585078e-01
3.308263735311773868e+00 4.133102551400292257e-01
3.314553210093735380e+00 4.153540635526282165e-01
3.320842684875696893e+00 4.174624403367954151e-01
3.327132159657658406e+00 4.196343504077562625e-01
3.333421634439619918e+00 4.218687485782230961e-01
3.339711109221581431e+00 4.241645813475641291e-01
3.346000584003543388e+00 4.265207886271162874e-01
3.352290058785504900e+00 4.289363053980710938e-01
3.358579533567466413e+00 4.314100632990274242e-01
3.364869008349427926e+00 4.339409921409031479e-01
3.371158483131389438e+00 4.365280213475049020e-01
3.377447957913350951e+00 4.391700813205904330e-01
3.383737432695312464e+00 4.418661047287858468e-01
3.390026907477273976e+00 4.446150277201910139e-01
3.396316382259235489e+00 4.474157910589416920e-01
3.402605857041197002e+00 4.502673411863984398e-01
3.408895331823158514e+00 4.531686312079836743e-01
3.415184806605120027e+00 4.561186218070074072e-01
3.421474281387081540e+00 4.591162820870976491e-01
3.427763756169043496e+00 4.621605903450961006e-01
3.434053230951005009e+00 4.652505347764790411e-01
3.440342705732966522e+00 4.683851141155400688e-01
3.446632180514928034e+00 4.715633382127073503e-01
3.452921655296889547e+00 4.747842285514793925e-01
3.459211130078851060e+00 4.780468187075431752e-01
3.465500604860812572e+00 4.813501547527037627e-01
3.471790079642774085e+00 4.846932956062776077e-01
3.478079554424735598e+00 4.880753133366262930e-01
3.484369029206697110e+00 4.914952934154973030e-01
3.490658503988658623e+00 4.949523349278187601e-01
3.496947978770620136e+00 4.984455507395628149e-01
3.503237453552582092e+00 5.019740676262400836e-01
3.509526928334543605e+00 5.055370263645332374e-01
3.515816403116505118e+00 5.091335817895118465e-01
3.522105877898466630e+00 5.127629028197897565e-01
3.528395352680428143e+00 5.164241724529123889e-01
3.534684827462389656e+00 5.201165877331732634e-01
3.540974302244351168e+00 5.238393596939705521e-01
3.547263777026312681e+00 5.275917132767198314e-01
3.553553251808274194e+00 5.313728872282537097e-01
3.559842726590235706e+00 5.351821339785365339e-01
3.566132201372197219e+00 5.390187195004350063e-01
3.572421676154158732e+00 5.428819231531862854e-01
3.578711150936120244e+00 5.467710375111229926e-01
3.585000625718082201e+00 5.506853681791098465e-01
3.591290100500043714e+00 5.546242335960700487e-01
3.597579575282005226e+00 5.585869648278910526e-01
3.603869050063966739e+00 5.625729053509100908e-01
3.610158524845928252e+00 5.665814108271041150e-01
3.616447999627889764e+00 5.706118488720329784e-01
3.622737474409851277e+00 5.746635988165023079e-01
3.629026949191812790e+00 5.787360514628515640e-01
3.635316423973774302e+00 5.828286088366938511e-01
3.641605898755735815e+00 5.869406839348766391e-01
3.647895373537697328e+00 5.910717004703694988e-01
3.654184848319658840e+00 5.952210926147216696e-01
3.660474323101620353e+00 5.993883047386837637e-01
3.666763797883582310e+00 6.035727911515292865e-01
3.673053272665543822e+00 6.077740158395681380e-01
3.679342747447505335e+00 6.119914522042921856e-01
3.685632222229466848e+00 6.162245828005533665e-01
3.691921697011428360e+00 6.204728990751313678e-01
3.698211171793389873e+00 6.247359011060114042e-01
3.704500646575351386e+00 6.290130973426568683e-01
3.710790121357312898e+00 6.333040043475243186e-01
3.717079596139274411e+00 6.376081465390428527e-01
3.723369070921235924e+00 6.419250559362468245e-01
3.729658545703197436e+00 6.462542719052242202e-01
3.735948020485158949e+00 6.505953409075194704e-01
3.742237495267120462e+00 6.549478162506058299e-01
3.748526970049082419e+00 6.593112578405189161e-01
3.754816444831043931e+00 6.636852319367234632e-01
3.761105919613005444e+00 6.680693109092732396e-01
3.767395394394966956e+00 6.724630729982947752e-01
3.773684869176928469e+00 6.768661020758199864e-01
3.779974343958889982e+00 6.812779874099765820e-01
3.786263818740851494e+00 6.856983234315282560e-01
3.792553293522813007e+00 6.901267095027456833e-01
3.798842768304774520e+00 6.945627496885824481e-01
3.805132243086736032e+00 6.990060525301124983e-01
3.811421717868697545e+00 7.034562308201840475e-01
3.817711192650659058e+00 7.079129013812280879e-01
3.824000667432621015e+00 7.123756848451611168e-01
3.830290142214582527e+00 7.168442054353052484e-01
3.836579616996544040e+00 7.213180907502503292e-01
3.842869091778505553e+00 7.257969715495717900e-01
3.849158566560467065e+00 7.302804815413134198e-01
3.855448041342428578e+00 7.347682571711429134e-01
3.861737516124390091e+00 7.392599374130780499e-01
3.868026990906351603e+00 7.437551635616840295e-01
3.874316465688313116e+00 7.482535790256322761e-01
3.880605940470274628e+00 7.527548291225133470e-01
3.886895415252236141e+00 7.572585608747923747e-01
3.893184890034197654e+00 7.617644228067895762e-01
3.899474364816159166e+00 7.662720647425733667e-01
3.905763839598121123e+00 7.707811376046446172e-01
3.912053314380082636e+00 7.752912932132924873e-01
3.918342789162044149e+00 7.798021840865043686e-01
3.924632263944005661e+00 7.843134632403023776e-01
3.930921738725967174e+00 7.888247839893877122e-01
3.937211213507928687e+00 7.933357997479689727e-01
3.943500688289890199e+00 7.978461638306484360e-01
3.949790163071851712e+00 8.023555292532466021e-01
3.956079637853813225e+00 8.068635485334378910e-01
3.962369112635774737e+00 8.113698734910768096e-01
3.968658587417736250e+00 8.158741550480909099e-01
3.974948062199697763e+00 8.203760430278195237e-01
3.981237536981659275e+00 8.248751859536787023e-01
3.987527011763621232e+00 8.293712308470300165e-01
3.993816486545582745e+00 8.338638230241385285e-01
4.000105961327544257e+00 8.383526058921061397e-01
4.006395436109505326e+00 8.428372207436608532e-01
4.012684910891467283e+00 8.473173065506969248e-01
4.018974385673428351e+00 8.517924997564525480e-01
4.025263860455390308e+00 8.562624340662285949e-01
4.031553335237352265e+00 8.607267402365342823e-01
4.037842810019313333e+00 8.651850458625748308e-01
4.044132284801275290e+00 8.696369751639841938e-01
4.050421759583236359e+00 8.740821487687070457e-01
4.056711234365198315e+00 8.785201834949641908e-01
4.063000709147159384e+00 8.829506921312056944e-01
4.069290183929121341e+00 8.873732832140009963e-01
4.075579658711082409e+00 8.917875608037845181e-01
4.081869133493044366e+00 8.961931242584234569e-01
4.088158608275005435e+00 9.005895680045382656e-01
4.094448083056967391e+00 9.049764813065648283e-01
4.100737557838928460e+00 9.093534480335080383e-01
4.107027032620890417e+00 9.137200464233981023e-01
4.113316507402852373e+00 9.180758488454222599e-01
4.119605982184813442e+00 9.224204215597651135e-01
4.125895456966775399e+00 9.267533244751741117e-01
4.132184931748736467e+00 9.310741109042898200e-01
4.138474406530698424e+00 9.353823273168144770e-01
4.144763881312659493e+00 9.396775130905788975e-01
4.151053356094621449e+00 9.439592002606274068e-01
4.157342830876582518e+00 9.482269132664219446e-01
4.163632305658544475e+00 9.524801686973299875e-01
4.169921780440505543e+00 9.567184750365461676e-01
4.176211255222467500e+00 9.609413324036666371e-01
4.182500730004428569e+00 9.651482322961222327e-01
4.188790204786390525e+00 9.693386573297504416e-01
4.195079679568352482e+00 9.735120809787788376e-01
4.201369154350313551e+00 9.776679673155650452e-01
4.207658629132275507e+00 9.818057707504561638e-01
4.213948103914236576e+00 9.859249357721684426e-01
4.220237578696198533e+00 9.900248966891578295e-01
4.226527053478159601e+00 9.941050773724632306e-01
4.232816528260121558e+00 9.981648910005900266e-01
4.239106003042082627e+00 1.002203739807019378e+00
4.245395477824044583e+00 1.006221014831019778e+00
4.251684952606005652e+00 1.010216095672459735e+00
4.257974427387967609e+00 1.014188350251422177e+00
4.264263902169928677e+00 1.018137134573442903e+00
4.270553376951890634e+00 1.022061792501308686e+00
4.276842851733852591e+00 1.025961655534379791e+00
4.283132326515813659e+00 1.029836042596511181e+00
4.289421801297775616e+00 1.033684259833706598e+00
4.295711276079736685e+00 1.037505600422713670e+00
4.302000750861698641e+00 1.041299344391878323e+00
4.308290225643659710e+00 1.045064758455626297e+00
4.314579700425621667e+00 1.048801095864067223e+00
4.320869175207582735e+00 1.052507596269264489e+00
4.327158649989544692e+00 1.056183485609848427e+00
4.333448124771505761e+00 1.059827976015699447e+00
4.339737599553467717e+00 1.063440265734563406e+00
4.346027074335428786e+00 1.067019539082513013e+00
4.352316549117390743e+00 1.070564966420296749e+00
4.358606023899352699e+00 1.074075704157673172e+00
4.364895498681313768e+00 1.077550894787945301e+00
4.371184973463275725e+00 1.080989666954970341e+00
4.377474448245236793e+00 1.084391135555004437e+00
4.383763923027198750e+00 1.087754401875822508e+00
4.390053397809159819e+00 1.091078553775598259e+00
4.396342872591121775e+00 1.094362665904103249e+00
4.402632347373082844e+00 1.097605799968806695e+00
4.408921822155044801e+00 1.100807005048512366e+00
4.415211296937005869e+00 1.103965317957152914e+00
4.421500771718967826e+00 1.107079763660394622e+00
4.427790246500929783e+00 1.110149355747654720e+00
4.434079721282890851e+00 1.113173096962114750e+00
4.440369196064852808e+00 1.116149979791237534e+00
4.446658670846813877e+00 1.119078987120202484e+00
4.452948145628775833e+00 1.121959092950576498e+00
4.459237620410736902e+00 1.124789263186357413e+00
4.465527095192698859e+00 1.127568456489383752e+00
4.471816569974659927e+00 1.130295625205861576e+00
4.478106044756621884e+00 1.132969716365533230e+00
4.484395519538582953e+00 1.135589672754711454e+00
4.490684994320544909e+00 1.138154434064089227e+00
4.496974469102505978e+00 1.140662938111860480e+00
4.503263943884467935e+00 1.143114122142305789e+00
4.509553418666429891e+00 1.145506924199519272e+00
4.515842893448390960e+00 1.147840284575515568e+00
4.522132368230352917e+00 1.150113147331394803e+00
4.528421843012313985e+00 1.152324461889716600e+00
4.534711317794275942e+00 1.154473184695634647e+00
4.541000792576237011e+00 1.156558280943723149e+00
4.547290267358198967e+00 1.158578726366790379e+00
4.553579742140160036e+00 1.160533509082302572e+00
4.559869216922121993e+00 1.162421631491370233e+00
4.566158691704083061e+00 1.164242112224552983e+00
4.572448166486045018e+00 1.165993988128066317e+00
4.578737641268006087e+00 1.167676316283278837e+00
4.585027116049968043e+00 1.169288176051745065e+00
4.591316590831930000e+00 1.170828671137369437e+00
4.597606065613891069e+00 1.172296931656710006e+00
4.603895540395853025e+00 1.173692116207880831e+00
4.610185015177814094e+00 1.175013413928005290e+00
4.616474489959776051e+00 1.176260046528771142e+00
4.622763964741737119e+00 1.177431270299266419e+00
4.629053439523699076e+00 1.178526378065036351e+00
4.635342914305660145e+00 1.179544701092117842e+00
4.641632389087622101e+00 1.180485610924765894e+00
4.647921863869583170e+00 1.181348521145617836e+00
4.654211338651545127e+00 1.182132889047215585e+00
4.660500813433506195e+00 1.182838217204082776e+00
4.666790288215468152e+00 1.183464054934953547e+00
4.673079762997430109e+00 1.184009999645270206e+00
4.679369237779391177e+00 1.184475698040700520e+00
4.685658712561353134e+00 1.184860847203173417e+00
4.691948187343314203e+00 1.185165195521783010e+00
4.698237662125276159e+00 1.185388543471859180e+00
4.704527136907237228e+00 1.185530744236536371e+00
4.710816611689199185e+00 1.185591704166258920e+00
4.717106086471160253e+00 1.185571383072833385e+00
4.723395561253122210e+00 1.185469794355839213e+00
4.729685036035083279e+00 1.185287004960466684e+00
4.735974510817045235e+00 1.185023135167089681e+00
4.742263985599006304e+00 1.184678358214136029e+00
4.748553460380968261e+00 1.184252899757054500e+00
4.754842935162930218e+00 1.183747037167351746e+00
4.761132409944891286e+00 1.183161098676832168e+00
4.767421884726853243e+00 1.182495462373227557e+00
4.773711359508814311e+00 1.181750555054408958e+00
4.780000834290776268e+00 1.180926850949267859e+00
4.786290309072737337e+00 1.180024870314153818e+00
4.792579783854699293e+00 1.179045177914451070e+00
4.798869258636660362e+00 1.177988381401451345e+00
4.805158733418622319e+00 1.176855129595138605e+00
4.811448208200583387e+00 1.175646110683846945e+00
4.817737682982545344e+00 1.174362050351967168e+00
4.824027157764506413e+00 1.173003709846991871e+00
4.830316632546468369e+00 1.171571883997171382e+00
4.836606107328430326e+00 1.170067399190950042e+00
4.842895582110391395e+00 1.168491111329129861e+00
4.849185056892353352e+00 1.166843903760408807e+00
4.855474531674314420e+00 1.165126685210554847e+00
4.861764006456276377e+00 1.163340387715009916e+00
4.868053481238237445e+00 1.161485964564205275e+00
4.874342956020199402e+00 1.159564388270283297e+00
4.880632430802160471e+00 1.157576648563318988e+00
4.886921905584122428e+00 1.155523750424465312e+00
4.893211380366083496e+00 1.153406712162800218e+00
4.899500855148045453e+00 1.151226563541944525e+00
4.905790329930006521e+00 1.148984343961857002e+00
4.912079804711968478e+00 1.146681100700507550e+00
4.918369279493930435e+00 1.144317887219474805e+00
4.924658754275891503e+00 1.141895761536848797e+00
4.930948229057853460e+00 1.139415784670190224e+00
4.937237703839814529e+00 1.136879019151701753e+00
4.943527178621776486e+00 1.134286527617177409e+00
4.949816653403737554e+00 1.131639371469782773e+00
4.956106128185699511e+00 1.128938609619189570e+00
4.962395602967660579e+00 1.126185297296156129e+00
4.968685077749622536e+00 1.123380484942194890e+00
4.974974552531583605e+00 1.120525217173608423e+00
4.981264027313545562e+00 1.117620531818809715e+00
4.987553502095506630e+00 1.114667459027564700e+00
4.993842976877468587e+00 1.111667020450495036e+00
5.000132451659430544e+00 1.108620228486983716e+00
5.006421926441391612e+00 1.105528085599401411e+00
5.012711401223353569e+00 1.102391583691422872e+00
5.019000876005314637e+00 1.099211703548073960e+00
5.025290350787276594e+00 1.095989414335032608e+00
5.031579825569237663e+00 1.092725673154645305e+00
5.037869300351199620e+00 1.089421424656051185e+00
5.044158775133160688e+00 1.086077600696803369e+00
5.050448249915122645e+00 1.082695120053322801e+00
5.056737724697083713e+00 1.079274888177581326e+00
5.063027199479045670e+00 1.075817796997377895e+00
5.069316674261006739e+00 1.072324724757659276e+00
5.075606149042968696e+00 1.068796535900341960e+00
5.081895623824930652e+00 1.065234080980187237e+00
5.088185098606891721e+00 1.061638196614318685e+00
5.094474573388853678e+00 1.058009705463067496e+00
5.100764048170814746e+00 1.054349416239902304e+00
5.107053522952776703e+00 1.050658123748279271e+00
5.113342997734737772e+00 1.046936608943356939e+00
5.119632472516699728e+00 1.043185639016575683e+00
5.125921947298660797e+00 1.039405967501240369e+00
5.132211422080622754e+00 1.035598334397287212e+00
5.138500896862583822e+00 1.031763466313550648e+00
5.144790371644545779e+00 1.027902076625907712e+00
5.151079846426506847e+00 1.024014865649793382e+00
5.157369321208468804e+00 1.020102520825638459e+00
5.163658795990430761e+00 1.016165716915905515e+00
5.169948270772391830e+00 1.012205116212449685e+00
5.176237745554353786e+00 1.008221368753029257e+00
5.182527220336314855e+00 1.004215112545878918e+00
5.188816695118276812e+00 1.000186973801304280e+00
5.195106169900237880e+00 9.961375671693702971e-01
5.201395644682199837e+00 9.920674959827854300e-01
5.207685119464160906e+00 9.879773525041863902e-01
5.213974594246122862e+00 9.838677181770597580e-01
5.220264069028083931e+00 9.797391638796287827e-01
5.226553543810045888e+00 9.755922501810567748e-01
5.232843018592006956e+00 9.714275275994117553e-01
5.239132493373968913e+00 9.672455368608455784e-01
5.245421968155930870e+00 9.630468091595308922e-01
5.251711442937891938e+00 9.588318664179111828e-01
5.258000917719853895e+00 9.546012215468783202e-01
5.264290392501814964e+00 9.503553787055389890e-01
5.270579867283776920e+00 9.460948335602412662e-01
5.276869342065737989e+00 9.418200735426063286e-01
5.283158816847699946e+00 9.375315781063020548e-01
5.289448291629661014e+00 9.332298189823658996e-01
5.295737766411622971e+00 9.289152604328744234e-01
5.302027241193584040e+00 9.245883595028188129e-01
5.308316715975545996e+00 9.202495662700395096e-01
5.314606190757507953e+00 9.158993240931223578e-01
5.320895665539469022e+00 9.115380698571572404e-01
5.327185140321430978e+00 9.071662342172932547e-01
5.333474615103392047e+00 9.027842418400464641e-01
5.339764089885354004e+00 8.983925116423091550e-01
5.346053564667315072e+00 8.939914570280631523e-01
5.352343039449277029e+00 8.895814861227678838e-01
5.358632514231238098e+00 8.851630020054558345e-01
5.364921989013200054e+00 8.807364029385311710e-01
5.371211463795161123e+00 8.763020825953264925e-01
5.377500938577123080e+00 8.718604302854341404e-01
5.383790413359084148e+00 8.674118311778872270e-01
5.390079888141046105e+00 8.629566665222228039e-01
5.396369362923008062e+00 8.584953138675200934e-01
5.402658837704969130e+00 8.540281472794629680e-01
5.408948312486931087e+00 8.495555375555207123e-01
5.415237787268892156e+00 8.450778524383317780e-01
5.421527262050854112e+00 8.405954568273693583e-01
5.427816736832815181e+00 8.361087129890015790e-01
5.434106211614777138e+00 8.316179807650262434e-01
5.440395686396738206e+00 8.271236177798028111e-01
5.446685161178700163e+00 8.226259796460695384e-01
5.452974635960661232e+00 8.181254201695719042e-01
5.459264110742623188e+00 8.136222915526000188e-01
5.465553585524584257e+00 8.091169445965633589e-01
5.471843060306546214e+00 8.046097289037054123e-01
5.478132535088508170e+00 8.001009930780900170e-01
5.484422009870469239e+00 7.955910849259706374e-01
5.490711484652431196e+00 7.910803516556610404e-01
5.497000959434392264e+00 7.865691400770457031e-01
5.503290434216354221e+00 7.820577968008274317e-01
5.509579908998315290e+00 7.775466684376626247e-01
5.515869383780277246e+00 7.730361017972834370e-01
5.522158858562238315e+00 7.685264440877506154e-01
5.528448333344200272e+00 7.640180431149429241e-01
5.534737808126161340e+00 7.595112474824230464e-01
5.541027282908123297e+00 7.550064067917859889e-01
5.547316757690084366e+00 7.505038718436272127e-01
5.553606232472046322e+00 7.460039948392355180e-01
5.559895707254008279e+00 7.415071295831446863e-01
5.566185182035969348e+00 7.370136316866499060e-01
5.572474656817931304e+00 7.325238587724076655e-01
5.578764131599892373e+00 7.280381706802397934e-01
5.585053606381854330e+00 7.235569296742376810e-01
5.591343081163815398e+00 7.190805006512916986e-01
5.597632555945777355e+00 7.146092513511331790e-01
5.603922030727738424e+00 7.101435525680083183e-01
5.610211505509700380e+00 7.056837783640600437e-01
5.616500980291661449e+00 7.012303062845338664e-01
5.622790455073623406e+00 6.967835175748703369e-01
5.629079929855584474e+00 6.923437973997897954e-01
5.635369404637546431e+00 6.879115350644230409e-01
5.641658879419508388e+00 6.834871242375759604e-01
5.647948354201469456e+00 6.790709631771768562e-01
5.654237828983431413e+00 6.746634549579605400e-01
5.660527303765392482e+00 6.702650077014468133e-01
5.666816778547354438e+00 6.658760348082251035e-01
5.673106253329315507e+00 6.614969551925939939e-01
5.679395728111277464e+00 6.571281935195444346e-01
5.685685202893238532e+00 6.527701804441076172e-01
5.691974677675200489e+00 6.484233528530325419e-01
5.698264152457161558e+00 6.440881541087835060e-01
5.704553627239123514e+00 6.397650342957926783e-01
5.710843102021084583e+00 6.354544504689221274e-01
5.717132576803046540e+00 6.311568669040349411e-01
5.723422051585008496e+00 6.268727553505890615e-01
5.729711526366969565e+00 6.226025952861136137e-01
5.736001001148931522e+00 6.183468741724237328e-01
5.742290475930892590e+00 6.141060877134026930e-01
5.748579950712854547e+00 6.098807401141321805e-01
5.754869425494815616e+00 6.056713443411562148e-01
5.761158900276777572e+00 6.014784223835899502e-01
5.767448375058738641e+00 5.973025055147955786e-01
5.773737849840700598e+00 5.931441345542610710e-01
5.780027324622661666e+00 5.890038601293294818e-01
5.786316799404623623e+00 5.848822429363340625e-01
5.792606274186584692e+00 5.807798540006962051e-01
5.798895748968546648e+00 5.766972749354505323e-01
5.805185223750508605e+00 5.726350981976543464e-01
5.811474698532469674e+00 5.685939273420462792e-01
5.817764173314431631e+00 5.645743772712855657e-01
5.824053648096392699e+00 5.605770744820423035e-01
5.830343122878354656e+00 5.566026573061255700e-01
5.836632597660315724e+00 5.526517761458010769e-01
5.842922072442277681e+00 5.487250937023482322e-01
5.849211547224238750e+00 5.448232851968589641e-01
5.855501022006200706e+00 5.409470385821860683e-01
5.861790496788161775e+00 5.370970547448866705e-01
5.868079971570123732e+00 5.332740476959012543e-01
5.874369446352084800e+00 5.294787447486554166e-01
5.880658921134046757e+00 5.257118866831478332e-01
5.886948395916008714e+00 5.219742278945340708e-01
5.893237870697969782e+00 5.182665365245927580e-01
5.899527345479931739e+00 5.145895945743919064e-01
5.905816820261892808e+00 5.109441979963696978e-01
5.912106295043854765e+00 5.073311567639426922e-01
5.918395769825815833e+00 5.037512949166824683e-01
5.924685244607777790e+00 5.002054505789778061e-01
5.930974719389738858e+00 4.966944759500469542e-01
5.937264194171700815e+00 4.932192372630390675e-01
5.943553668953661884e+00 4.897806147109137753e-01
5.949843143735623840e+00 4.863795023366829229e-01
5.956132618517584909e+00 4.830168078855523461e-01
5.962422093299546866e+00 4.796934526164136625e-01
5.968711568081508823e+00 4.764103710701079186e-01
5.975001042863469891e+00 4.731685107918202071e-01
5.981290517645431848e+00 4.699688320049484891e-01
5.987579992427392916e+00 4.668123072337794777e-01
5.993869467209354873e+00 4.636999208722913934e-01
6.000158941991315942e+00 4.606326686964560824e-01
6.006448416773277899e+00 4.576115573174238671e-01
6.012737891555238967e+00 4.546376035730829157e-01
6.019027366337200924e+00 4.517118338555419221e-01
6.025316841119161992e+00 4.488352833722441537e-01
6.031606315901123949e+00 4.460089953385480976e-01
6.037895790683085906e+00 4.432340200998190483e-01
6.044185265465046974e+00 4.405114141812829232e-01
6.050474740247008931e+00 4.378422392641606598e-01
6.056764215028970000e+00 4.352275610869017486e-01
6.063053689810931957e+00 4.326684482706572576e-01
6.069343164592893025e+00 4.301659710685289406e-01
6.075632639374854982e+00 4.277212000385264279e-01
6.081922114156816050e+00 4.253352046406432829e-01
6.088211588938778007e+00 4.230090517589344956e-01
6.094501063720739076e+00 4.207438041500371484e-01
6.100790538502701033e+00 4.185405188201238302e-01
6.107080013284662101e+00 4.164002453329012643e-01
6.113369488066624058e+00 4.143240240518802908e-01
6.119658962848586015e+00 4.123128843208213601e-01
6.125948437630547083e+00 4.103678425869186075e-01
6.132237912412509040e+00 4.084899004719872995e-01
6.138527387194470109e+00 4.066800427976165477e-01
6.144816861976432065e+00 4.049392355709354185e-01
6.151106336758393134e+00 4.032684239383389491e-01
6.157395811540355091e+00 4.016685301151713405e-01
6.163685286322316159e+00 4.001404513000164642e-01
6.169974761104278116e+00 3.986850575828228549e-01
6.176264235886239184e+00 3.973031898566585229e-01
6.182553710668201141e+00 3.959956577433538238e-01
6.188843185450162210e+00 3.947632375437269969e-01
6.195132660232124167e+00 3.936066702234009562e-01
6.201422135014086123e+00 3.925266594454800972e-01
6.207711609796047192e+00 3.915238696614846692e-01
6.214001084578009149e+00 3.905989242719887233e-01
6.220290559359970217e+00 3.897524038683282677e-01
6.226580034141932174e+00 3.889848445665490817e-01
6.232869508923893243e+00 3.882967364444623870e-01
6.239158983705855199e+00 3.876885220922259845e-01
6.245448458487816268e+00 3.871605952863315658e-01
6.251737933269778225e+00 3.867132997961924556e-01
6.258027408051739293e+00 3.863469283317524927e-01
6.264316882833701250e+00 3.860617216396412532e-01
6.270606357615662318e+00 3.858578677544232671e-01
6.276895832397624275e+00 3.857355014104141833e-01
6.283185307179586232e+00 3.856947036184025235e-01
