0.000000000000000000e+00
0.000000000000000000e+00
0.000000000000000000e+00
1.124597274881805470e-01
1.357625305128836279e+00
1.166173423943974496e+00
5.874956155834260008e-01
2.557097597078537565e-01
6.050503224366096666e-02
9.095476033948737271e-01
8.666382695373736622e-01
5.870954102055051527e-01
3.462287199594982212e-01
1.153645493369611849e-02
4.371014422607814587e-01
5.318968322181979458e-01
4.455526440997825133e-01
3.184377604001403239e-01
0.000000000000000000e+00
2.144044898296287305e-01
3.137916290131792518e-01
3.077759221237015841e-01
2.457334642328447005e-01
